20
1
0,00 | 0,69314718 | 0,69314718 | 0,0000000000 
0,10 | 0,69316026 | 0,69314718 | 0,0000130814 
0,20 | 0,69336557 | 0,83273627 | -0,1393706981 
0,30 | 0,69429633 | 0,98638726 | -0,2920909348 
0,40 | 0,69690304 | 0,94107054 | -0,2441675015 
0,50 | 0,70256909 | 0,87059683 | -0,1680277369 
0,60 | 0,71306248 | 0,79705695 | -0,0839944722 
0,70 | 0,73039538 | 0,73962961 | -0,0092342308 
0,80 | 0,75657680 | 0,71031276 | 0,0462640406 
0,90 | 0,79327724 | 0,71344683 | 0,0798304143 
1,00 | 0,84147098 | 0,74748950 | 0,0939814819 
Max delta: 0.2920909348140801

0,00 | 0,69314718 | 0,69314718 | 0,0000000000 
0,10 | 0,69316026 | 0,92110184 | -0,2279415826 
0,20 | 0,69336557 | 1,04187708 | -0,3485115115 
0,30 | 0,69429633 | 1,01972947 | -0,3254331388 
0,40 | 0,69690304 | 0,95323719 | -0,2563341463 
0,50 | 0,70256909 | 0,86480783 | -0,1622387448 
0,60 | 0,71306248 | 0,77909607 | -0,0660335867 
0,70 | 0,73039538 | 0,71534666 | 0,0150487232 
0,80 | 0,75657680 | 0,68422098 | 0,0723558204 
0,90 | 0,79327724 | 0,68838165 | 0,1048955889 
1,00 | 0,84147098 | 0,72487387 | 0,1165971121 
Max delta: 0.34851151153906357

80
1
0,00 | 0,69314718 | 0,69314718 | 0,0000000000 
0,10 | 0,69316026 | 1,04223423 | -0,3490739646 
0,20 | 0,69336557 | 1,06729799 | -0,3739324197 
0,30 | 0,69429633 | 1,03407786 | -0,3397815356 
0,40 | 0,69690304 | 0,95645163 | -0,2595485854 
0,50 | 0,70256909 | 0,85924206 | -0,1566729661 
0,60 | 0,71306248 | 0,76801369 | -0,0549512082 
0,70 | 0,73039538 | 0,70172997 | 0,0286654090 
0,80 | 0,75657680 | 0,67021602 | 0,0863607885 
0,90 | 0,79327724 | 0,67524953 | 0,1180277055 
1,00 | 0,84147098 | 0,71318830 | 0,1282826819 
Max delta: 0.3739324197153717

160
1
0,00 | 0,69314718 | 0,69314718 | 0,0000000000 
0,10 | 0,69316026 | 1,05895504 | -0,3657947806 
0,20 | 0,69336557 | 1,07964911 | -0,3862835377 
0,30 | 0,69429633 | 1,04057171 | -0,3462753818 
0,40 | 0,69690304 | 0,95729998 | -0,2603969330 
0,50 | 0,70256909 | 0,85579255 | -0,1532234571 
0,60 | 0,71306248 | 0,76196931 | -0,0489068315 
0,70 | 0,73039538 | 0,69457979 | 0,0358155934 
0,80 | 0,75657680 | 0,66299700 | 0,0935798063 
0,90 | 0,79327724 | 0,66855060 | 0,1247266358 
1,00 | 0,84147098 | 0,70726232 | 0,1342086619 
Max delta: 0.38628353773456015

20
2
0,00 | 0,69314718 | 0,69314718 | 0,0000000000 
0,10 | 0,69316026 | 0,69314718 | 0,0000130814 
0,20 | 0,69336557 | 8,56399050 | -7,8706249317 
0,30 | 0,69429633 | 8,70385239 | -8,0095560641 
0,40 | 0,69690304 | 1,41626525 | -0,7193622128 
0,50 | 0,70256909 | 0,72435131 | -0,0217822243 
0,60 | 0,71306248 | 0,74733258 | -0,0342700994 
0,70 | 0,73039538 | 0,76787948 | -0,0374840924 
0,80 | 0,75657680 | 0,78817323 | -0,0315964283 
0,90 | 0,79327724 | 0,81385589 | -0,0205786526 
1,00 | 0,84147098 | 0,85043796 | -0,0089669720 
Max delta: 8.009556064147123

40
2
0,00 | 0,69314718 | 0,69314718 | 0,0000000000 
0,10 | 0,69316026 | 80,95102964 | -80,2578693814 
0,20 | 0,69336557 | 4,72045511 | -4,0270895400 
0,30 | 0,69429633 | 0,68301170 | 0,0112846218 
0,40 | 0,69690304 | 0,71185089 | -0,0149478483 
0,50 | 0,70256909 | 0,74419140 | -0,0416223119 
0,60 | 0,71306248 | 0,76927081 | -0,0562083358 
0,70 | 0,73039538 | 0,78503813 | -0,0546427476 
0,80 | 0,75657680 | 0,79765847 | -0,0410816663 
0,90 | 0,79327724 | 0,81618268 | -0,0229054405 
1,00 | 0,84147098 | 0,84772232 | -0,0062513371 
Max delta: 80.25786938139483

80
2
0,00 | 0,69314718 | 0,69314718 | 0,0000000000 
0,10 | 0,69316026 | 19,71135761 | -19,0181973499 
0,20 | 0,69336557 | 0,66091466 | 0,0324509113 
0,30 | 0,69429633 | 0,68332461 | 0,0109717168 
0,40 | 0,69690304 | 0,72140880 | -0,0245057596 
0,50 | 0,70256909 | 0,75839281 | -0,0558237211 
0,60 | 0,71306248 | 0,78254630 | -0,0694838190 
0,70 | 0,73039538 | 0,79400506 | -0,0636096788 
0,80 | 0,75657680 | 0,80164209 | -0,0450652874 
0,90 | 0,79327724 | 0,81617980 | -0,0229025619 
1,00 | 0,84147098 | 0,84522857 | -0,0037575848 
Max delta: 19.018197349947382

20
20
0,00 | 0,69314718 | 0,69314718 | 0,0000000000 
0,10 | 0,69316026 | 0,69314718 | 0,0000130814 
0,20 | 0,69336557 | 0,69335022 | 0,0000153555 
0,30 | 0,69429633 | 0,69427945 | 0,0000168753 
0,40 | 0,69690304 | 0,69688635 | 0,0000166965 
0,50 | 0,70256909 | 0,70255551 | 0,0000135756 
0,60 | 0,71306248 | 0,71305619 | 0,0000062838 
0,70 | 0,73039538 | 0,73040109 | -0,0000057093 
0,80 | 0,75657680 | 0,75659813 | -0,0000213288 
0,90 | 0,79327724 | 0,79331460 | -0,0000373555 
1,00 | 0,84147098 | 0,84152008 | -0,0000490953 
Max delta: 4.909528317198486E-5

20
40
0,00 | 0,69314718 | 0,69314718 | 0,0000000000 
0,10 | 0,69316026 | 0,69314718 | 0,0000130814 
0,20 | 0,69336557 | 0,69334822 | 0,0000173528 
0,30 | 0,69429633 | 0,69428136 | 0,0000149659 
0,40 | 0,69690304 | 0,69689139 | 0,0000116476 
0,50 | 0,70256909 | 0,70256093 | 0,0000081557 
0,60 | 0,71306248 | 0,71305614 | 0,0000063385 
0,70 | 0,73039538 | 0,73038699 | 0,0000083945 
0,80 | 0,75657680 | 0,75656132 | 0,0000154796 
0,90 | 0,79327724 | 0,79325105 | 0,0000261887 
1,00 | 0,84147098 | 0,84143394 | 0,0000370436 
Max delta: 3.704360869050127E-5

20
80
0,00 | 0,69314718 | 0,69314718 | 0,0000000000 
0,10 | 0,69316026 | 0,69314718 | 0,0000130814 
0,20 | 0,69336557 | 0,69334793 | 0,0000176469 
0,30 | 0,69429633 | 0,69428467 | 0,0000116521 
0,40 | 0,69690304 | 0,69689816 | 0,0000048792 
0,50 | 0,70256909 | 0,70256877 | 0,0000003162 
0,60 | 0,71306248 | 0,71305989 | 0,0000025847 
0,70 | 0,73039538 | 0,73037867 | 0,0000167138 
0,80 | 0,75657680 | 0,75653211 | 0,0000446911 
0,90 | 0,79327724 | 0,79319542 | 0,0000818161 
1,00 | 0,84147098 | 0,84135414 | 0,0001168485 
Max delta: 1.1684847048665237E-4

20
160
0,00 | 0,69314718 | 0,69314718 | 0,0000000000 
0,10 | 0,69316026 | 0,69314718 | 0,0000130814 
0,20 | 0,69336557 | 0,69334799 | 0,0000175845 
0,30 | 0,69429633 | 0,69428694 | 0,0000093867 
0,40 | 0,69690304 | 0,69690274 | 0,0000002984 
0,50 | 0,70256909 | 0,70257425 | -0,0000051590 
0,60 | 0,71306248 | 0,71306311 | -0,0000006335 
0,70 | 0,73039538 | 0,73037463 | 0,0000207501 
0,80 | 0,75657680 | 0,75651508 | 0,0000617264 
0,90 | 0,79327724 | 0,79316139 | 0,0001158512 
1,00 | 0,84147098 | 0,84130387 | 0,0001671163 
Max delta: 1.6711631139709748E-4

40
160
0,00 | 0,69314718 | 0,69314718 | 0,0000000000 
0,10 | 0,69316026 | 0,69315923 | 0,0000010303 
0,20 | 0,69336557 | 0,69336536 | 0,0000002109 
0,30 | 0,69429633 | 0,69429709 | -0,0000007627 
0,40 | 0,69690304 | 0,69690465 | -0,0000016105 
0,50 | 0,70256909 | 0,70257083 | -0,0000017433 
0,60 | 0,71306248 | 0,71306285 | -0,0000003672 
0,70 | 0,73039538 | 0,73039219 | 0,0000031918 
0,80 | 0,75657680 | 0,75656790 | 0,0000089002 
0,90 | 0,79327724 | 0,79326174 | 0,0000154976 
1,00 | 0,84147098 | 0,84145019 | 0,0000207914 
Max delta: 2.0791440404788197E-5

80
160
0,00 | 0,69314718 | 0,69314718 | 0,0000000000 
0,10 | 0,69316026 | 0,69316023 | 0,0000000364 
0,20 | 0,69336557 | 0,69336559 | -0,0000000212 
0,30 | 0,69429633 | 0,69429641 | -0,0000000878 
0,40 | 0,69690304 | 0,69690318 | -0,0000001388 
0,50 | 0,70256909 | 0,70256922 | -0,0000001312 
0,60 | 0,71306248 | 0,71306249 | -0,0000000105 
0,70 | 0,73039538 | 0,73039512 | 0,0000002638 
0,80 | 0,75657680 | 0,75657613 | 0,0000006765 
0,90 | 0,79327724 | 0,79327611 | 0,0000011260 
1,00 | 0,84147098 | 0,84146953 | 0,0000014559 
Max delta: 1.4558745661252814E-6

Input L, N:160 40
0,00 | 0,69314718 | 0,69314718 | 0,000000e+00 
0,10 | 0,69316026 | 123581058247,64111000 | -1,235811e+11 
0,20 | 0,69336557 | 1454810114099106600000000,00000000 | -1,454810e+24 
0,30 | 0,69429633 | 206663883359933060000000000000000,00000000 | -2,066639e+32 
0,40 | 0,69690304 | 6179787858534119000000000000000000000,00000000 | -6,179788e+36 
0,50 | 0,70256909 | 73702023234278090000000000000000000000,00000000 | -7,370202e+37 
0,60 | 0,71306248 | 163289989004396700000000000000000000,00000000 | -1,632900e+35 
0,70 | 0,73039538 | -1832733645918011000000000000000,00000000 | 1,832734e+30 
0,80 | 0,75657680 | -148704578487966560000000000000,00000000 | 1,487046e+29 
0,90 | 0,79327724 | -1620221800277904300000000000000,00000000 | 1,620222e+30 
1,00 | 0,84147098 | 18677493662365484000000000000000,00000000 | -1,867749e+31 
Max delta: 7.370202323427809E37


10 10 : 6.239126044584875E-4
20 20 : 4.909528317198486E-5
40 40 : 3.372983174654287E-6
80 80 : 2.3205258692371444E-7

30 15 : 1.5415089793302528E-5
60 30 : 1.3333930741765698E-6

10 10 : 6.239126044584875E-4
10 20 : 3.132610391860524E-4
10 40 : 3.874468880772364E-4
10 80 : 6.643511016445336E-4
10 160: 8.113416040587129E-4
10 320: 8.867569145686316E-4
10 640: 9.249179207189151E-4
20 10 : 6.653914682064332E-5
40 10 : 216215.49995950115
80 10 : 5.9278683164354074E17
20 20 : 4.909528317198486E-5
20 40 : 3.704360869050127E-5
20 80 : 1.1684847048665237E-4
40 20 : 5.520140836323684E-6
80 20 : 5.794491619777363E15
40 40 : 3.372983174654287E-6
40 80 : 9.211920064755574E-6
40 160: 2.0791440404788197E-5
40 320: 2.8164079222459115E-5
80 40 : 4.974811806945922E-7
160 40: 7.370202323427809E37
80 80 : 2.3205258692371444E-7
80 160: 1.4558745661252814E-6
80 320: 2.9986084045807715E-6
160 80: 4.984859580670076E-8
320 80: 2.3706809427846568E83
160 160: 1.688307749159179E-8
320 160: 5.454664053772262E-9